min_diff = -75.76978693991094
time = 12.44294375
med_diff = 1.8947960676778801
max_diff = 19.15165188252245
